#stage		 order
8	 		3


A
0.0000000000000000E+00	0.0000000000000000E+00	0.0000000000000000E+00	0.0000000000000000E+00	0.0000000000000000E+00	0.0000000000000000E+00	0.0000000000000000E+00	0.0000000000000000E+00	
2.8987256597267236E-01	0.0000000000000000E+00	0.0000000000000000E+00	0.0000000000000000E+00	0.0000000000000000E+00	0.0000000000000000E+00	0.0000000000000000E+00	0.0000000000000000E+00	
1.5646186632859974E-01	2.5600419481220937E-01	0.0000000000000000E+00	0.0000000000000000E+00	0.0000000000000000E+00	0.0000000000000000E+00	0.0000000000000000E+00	0.0000000000000000E+00	
1.7411125195931307E-01	1.1907724685302483E-01	2.4575879206543758E-01	0.0000000000000000E+00	0.0000000000000000E+00	0.0000000000000000E+00	0.0000000000000000E+00	0.0000000000000000E+00	
7.8102339878188612E-02	2.2753718120965211E-01	1.4043226106136922E-01	2.4670106402065087E-01	0.0000000000000000E+00	0.0000000000000000E+00	0.0000000000000000E+00	0.0000000000000000E+00	
4.1472083319787918E-02	1.7246880285634381E-01	1.9556426720315362E-01	-7.6445181937575095E-03	2.5400057890339234E-01	0.0000000000000000E+00	0.0000000000000000E+00	0.0000000000000000E+00	
1.2705262540854426E-01	4.1324204502693765E-02	2.0873381457538495E-01	1.4885796060673284E-01	2.8425315856518352E-02	2.2351193149622292E-01	0.0000000000000000E+00	0.0000000000000000E+00	
1.4241488667406860E-01	1.3940035956164834E-01	1.1864797210177665E-01	1.3750395482272462E-01	4.2081832328377577E-01	-1.4327126784549113E-01	2.4168467462980464E-01	0.0000000000000000E+00	

b
1.3744758588411227E-01	
4.2871780011113558E-03	
2.2403982565568320E-01	
5.8272172447766146E-01	
-2.9339398380428960E-01	
1.5702379468049990E-01	
2.1691698228842666E-02	
1.6618217687637879E-01	

c
0.0000000000000000E+00	
2.8987256597267236E-01	
4.1246606114080914E-01	
5.3894729087777549E-01	
6.9277284616986079E-01	
6.5586121408892017E-01	
7.7790585244609711E-01	
1.0571989032283076E+00	

r
0.0000000000000000E+00	

errcoeff
7.2345111520476816E-03	

==============================================================

