#stage		 order
4	 		3


A
0.0000000000000000E+00	0.0000000000000000E+00	0.0000000000000000E+00	0.0000000000000000E+00	
4.9431364053387811E-01	0.0000000000000000E+00	0.0000000000000000E+00	0.0000000000000000E+00	
-1.6611572217538528E-01	6.7532275955717891E-01	0.0000000000000000E+00	0.0000000000000000E+00	
2.9680512122949396E-02	2.2019229663468856E-01	7.5011708773708596E-01	0.0000000000000000E+00	

b
1.6659447525938517E-01	
4.1248693096989397E-01	
2.5431258492494135E-01	
1.6660600884577945E-01	

c
0.0000000000000000E+00	
4.9431364053387811E-01	
5.0920703738179363E-01	
9.9998989649472392E-01	

r
0.0000000000000000E+00	

errcoeff
5.2315213723308782E-05	

==============================================================

