#stage		 order
9	 		3


A
0.0000000000000000E+00	0.0000000000000000E+00	0.0000000000000000E+00	0.0000000000000000E+00	0.0000000000000000E+00	0.0000000000000000E+00	0.0000000000000000E+00	0.0000000000000000E+00	0.0000000000000000E+00	
2.6779535093173301E-01	0.0000000000000000E+00	0.0000000000000000E+00	0.0000000000000000E+00	0.0000000000000000E+00	0.0000000000000000E+00	0.0000000000000000E+00	0.0000000000000000E+00	0.0000000000000000E+00	
1.4337891661748747E-01	2.9332362516248939E-01	0.0000000000000000E+00	0.0000000000000000E+00	0.0000000000000000E+00	0.0000000000000000E+00	0.0000000000000000E+00	0.0000000000000000E+00	0.0000000000000000E+00	
1.1979029589025111E-01	1.5190642378217942E-01	2.4004271891283654E-01	0.0000000000000000E+00	0.0000000000000000E+00	0.0000000000000000E+00	0.0000000000000000E+00	0.0000000000000000E+00	0.0000000000000000E+00	
6.4389862613028592E-02	1.8366697992562431E-01	8.3781223753046821E-02	3.0988855525760106E-01	0.0000000000000000E+00	0.0000000000000000E+00	0.0000000000000000E+00	0.0000000000000000E+00	0.0000000000000000E+00	
9.7701374654812642E-02	7.6814325165513689E-02	2.0222012903092376E-01	9.0493119380731707E-02	3.0018250124161788E-01	0.0000000000000000E+00	0.0000000000000000E+00	0.0000000000000000E+00	0.0000000000000000E+00	
1.4668893550782011E-01	1.5561728470234415E-01	5.8617924446790363E-02	2.5600704296636628E-01	3.9842392284461105E-02	2.7422404177964843E-01	0.0000000000000000E+00	0.0000000000000000E+00	0.0000000000000000E+00	
8.9200120113847328E-02	1.6350978983388592E-01	8.8329184545442557E-02	1.9063392653644884E-01	1.4880778763621663E-01	2.2127219011262014E-01	1.8458291781950809E-01	0.0000000000000000E+00	0.0000000000000000E+00	
1.2967051261780774E-01	1.3153112331986680E-01	1.5061703680611591E-01	1.5380683378558524E-01	1.5811661875817462E-01	1.7396353337699993E-01	1.8069163418016673E-01	1.9180394333377376E-01	0.0000000000000000E+00	

b
1.5546970526980530E-01	
6.1705258881226195E-02	
3.1825301340287537E-01	
-6.8601074940622545E-03	
3.3789388910056595E-01	
-3.5856254377633130E-02	
2.2341562363761688E-01	
-1.0498767444541383E-01	
5.0966546025019530E-02	

c
0.0000000000000000E+00	
2.6779535093173301E-01	
4.3670254177997686E-01	
5.1173943858526705E-01	
6.4172662154930071E-01	
7.6741144947359963E-01	
9.3099762168743050E-01	
1.0863359165979696E+00	
1.2702012361784907E+00	

r
0.0000000000000000E+00	

errcoeff
2.2983128896338139E-03	

==============================================================

