#stage		 order
6	 		3


A
0.0000000000000000E+00	0.0000000000000000E+00	0.0000000000000000E+00	0.0000000000000000E+00	0.0000000000000000E+00	0.0000000000000000E+00	
4.8368750955134632E-01	0.0000000000000000E+00	0.0000000000000000E+00	0.0000000000000000E+00	0.0000000000000000E+00	0.0000000000000000E+00	
5.6436599889977714E-02	3.8157776424358508E-01	0.0000000000000000E+00	0.0000000000000000E+00	0.0000000000000000E+00	0.0000000000000000E+00	
-1.5662161353718250E-02	2.3043909144910923E-01	4.2162314916032306E-01	0.0000000000000000E+00	0.0000000000000000E+00	0.0000000000000000E+00	
-1.5372140541143319E-02	2.8941071875664456E-02	3.7958710756326042E-01	3.4217972247378453E-01	0.0000000000000000E+00	0.0000000000000000E+00	
1.7919863913567594E-01	1.6602116203618716E-01	1.6349332708302397E-01	2.5164089172395387E-01	3.3018941207579966E-01	0.0000000000000000E+00	

b
1.7305277803422245E-01	
2.8260249263160447E-01	
1.1016207725941095E-01	
4.2299410059756432E-01	
-9.4764427204568263E-02	
1.0595297868176611E-01	

c
0.0000000000000000E+00	
4.8368750955134632E-01	
4.3801436413356282E-01	
6.3640007925571407E-01	
7.3533576137156609E-01	
1.0905434320546405E+00	

r
0.0000000000000000E+00	

errcoeff
2.5135964279747677E-05	

==============================================================

