#stage		 order
4	 		3


A
0.0000000000000000E+00	0.0000000000000000E+00	0.0000000000000000E+00	0.0000000000000000E+00	
1.0012555643800676E+00	0.0000000000000000E+00	0.0000000000000000E+00	0.0000000000000000E+00	
3.2025905088293422E-01	3.2025905088293422E-01	0.0000000000000000E+00	0.0000000000000000E+00	
2.9475342550500289E-01	7.3179987957440087E-02	2.2878938141372510E-01	0.0000000000000000E+00	

b
2.2405909766804508E-01	
7.7342609296583195E-02	
1.2993986265851581E-01	
5.6865843037685593E-01	

c
0.0000000000000000E+00	
1.0012555643800676E+00	
6.4051810176586843E-01	
5.9672279487616808E-01	

r
9.9874601008500263E-01	

errcoeff
3.5863173032329360E-02	

v_opt
1.0000000000000000E+00	
7.5898509699356964E-11	
6.8014255073705954E-01	
5.5020193150037100E-01	
3.7547044305124788E-01	

alpha_opt
0.0000000000000000E+00	0.0000000000000000E+00	0.0000000000000000E+00	0.0000000000000000E+00	0.0000000000000000E+00	
9.9999999992410149E-01	0.0000000000000000E+00	0.0000000000000000E+00	0.0000000000000000E+00	0.0000000000000000E+00	
2.4276686445380181E-11	3.1985744923866372E-01	0.0000000000000000E+00	0.0000000000000000E+00	0.0000000000000000E+00	
2.2129558667465088E-01	5.5472726669937830E-12	2.2850248181943081E-01	0.0000000000000000E+00	0.0000000000000000E+00	
2.0848710506578338E-02	3.5735508035345059E-02	9.8498550221845161E-12	5.6794533839697892E-01	0.0000000000000000E+00	

beta_opt
0.0000000000000000E+00	0.0000000000000000E+00	0.0000000000000000E+00	0.0000000000000000E+00	0.0000000000000000E+00	
1.0012555643800676E+00	0.0000000000000000E+00	0.0000000000000000E+00	0.0000000000000000E+00	0.0000000000000000E+00	
2.4307167389991946E-11	3.2025905088293422E-01	0.0000000000000000E+00	0.0000000000000000E+00	0.0000000000000000E+00	
2.2157343754756281E-01	5.5542376253825410E-12	2.2878938141372510E-01	0.0000000000000000E+00	0.0000000000000000E+00	
2.0874887406445108E-02	3.5780376269053532E-02	9.8622221500477281E-12	5.6865843037685593E-01	0.0000000000000000E+00	

==============================================================

