#stage		 order
4	 		3


A
0.0000000000000000E+00	0.0000000000000000E+00	0.0000000000000000E+00	0.0000000000000000E+00	
9.9826342496143028E-01	0.0000000000000000E+00	0.0000000000000000E+00	0.0000000000000000E+00	
3.2389211765906012E-01	3.2389211765906012E-01	0.0000000000000000E+00	0.0000000000000000E+00	
2.8941217810715381E-01	7.3633606634287543E-02	2.2694512259906621E-01	0.0000000000000000E+00	

b
2.2205473834876116E-01	
8.2228632157730727E-02	
1.2886744553732168E-01	
5.6684918395618633E-01	

c
0.0000000000000000E+00	
9.9826342496143028E-01	
6.4778423531812024E-01	
5.8999090734050752E-01	

r
1.0017395959775215E+00	

errcoeff
3.6345175400981741E-02	

v_opt
1.0000000000000000E+00	
7.3466011052403246E-11	
6.7554444091590926E-01	
5.5650614559786926E-01	
3.7434802914914445E-01	

alpha_opt
0.0000000000000000E+00	0.0000000000000000E+00	0.0000000000000000E+00	0.0000000000000000E+00	0.0000000000000000E+00	
9.9999999992653399E-01	0.0000000000000000E+00	0.0000000000000000E+00	0.0000000000000000E+00	0.0000000000000000E+00	
2.3836470838401026E-11	3.2445555906025431E-01	0.0000000000000000E+00	0.0000000000000000E+00	0.0000000000000000E+00	
2.1615393899195584E-01	5.4189721388396698E-12	2.2733991540475593E-01	0.0000000000000000E+00	0.0000000000000000E+00	
1.7329516271611105E-02	4.0487182095019385E-02	9.4838129278696517E-12	5.6783527247474130E-01	0.0000000000000000E+00	

beta_opt
0.0000000000000000E+00	0.0000000000000000E+00	0.0000000000000000E+00	0.0000000000000000E+00	0.0000000000000000E+00	
9.9826342496143028E-01	0.0000000000000000E+00	0.0000000000000000E+00	0.0000000000000000E+00	0.0000000000000000E+00	
2.3795077019883593E-11	3.2389211765906012E-01	0.0000000000000000E+00	0.0000000000000000E+00	0.0000000000000000E+00	
2.1577857147286628E-01	5.4095616874860752E-12	2.2694512259906621E-01	0.0000000000000000E+00	0.0000000000000000E+00	
1.7299422267494258E-02	4.0416873068180412E-02	9.4673435757641755E-12	5.6684918395618633E-01	0.0000000000000000E+00	

==============================================================

