#stage		 order
6	 		3


A
0.0000000000000000E+00	0.0000000000000000E+00	0.0000000000000000E+00	0.0000000000000000E+00	0.0000000000000000E+00	0.0000000000000000E+00	
4.8095193739434233E-01	0.0000000000000000E+00	0.0000000000000000E+00	0.0000000000000000E+00	0.0000000000000000E+00	0.0000000000000000E+00	
6.5370299942804966E-02	3.7574199023545168E-01	0.0000000000000000E+00	0.0000000000000000E+00	0.0000000000000000E+00	0.0000000000000000E+00	
-1.1744667079652870E-02	2.2747300868371434E-01	4.2139982553311894E-01	0.0000000000000000E+00	0.0000000000000000E+00	0.0000000000000000E+00	
-1.2781806127216910E-02	2.7087025286738252E-02	3.6594365502422260E-01	3.5350172083901021E-01	0.0000000000000000E+00	0.0000000000000000E+00	
1.8255818855997294E-01	1.6985867409674954E-01	1.6647538445835933E-01	2.4459885337188084E-01	3.2923836318520788E-01	0.0000000000000000E+00	

b
1.7263962055511842E-01	
2.7908483705873127E-01	
1.1683821803086403E-01	
4.0937826482357320E-01	
-8.1631058868405590E-02	
1.0369011840011870E-01	

c
0.0000000000000000E+00	
4.8095193739434233E-01	
4.4111229017825659E-01	
6.3712816713718046E-01	
7.3375059502275430E-01	
1.0927294636721705E+00	

r
0.0000000000000000E+00	

errcoeff
1.5764024820474109E-04	

==============================================================

