#stage		 order
5	 		3


A
0.0000000000000000E+00	0.0000000000000000E+00	0.0000000000000000E+00	0.0000000000000000E+00	0.0000000000000000E+00	
4.6844195761550383E-01	0.0000000000000000E+00	0.0000000000000000E+00	0.0000000000000000E+00	0.0000000000000000E+00	
5.4324580789771988E-02	4.9141775373109781E-01	0.0000000000000000E+00	0.0000000000000000E+00	0.0000000000000000E+00	
-8.9744398206392600E-02	2.2672449052418420E-01	4.2337251807266185E-01	0.0000000000000000E+00	0.0000000000000000E+00	
1.0402316252938076E-01	2.0001697046871400E-01	2.7679882931497529E-01	4.5233426522855091E-01	0.0000000000000000E+00	

b
1.6972834895589084E-01	
2.7866976773663998E-01	
3.9102322475338963E-01	
2.0819967723780627E-02	
1.3975869083029896E-01	

c
0.0000000000000000E+00	
4.6844195761550383E-01	
5.4574233452086984E-01	
5.6035261039045359E-01	
1.0331732275416210E+00	

r
0.0000000000000000E+00	

errcoeff
9.4114598747316904E-03	

==============================================================

