#stage		 order
4	 		3


A
0.0000000000000000E+00	0.0000000000000000E+00	0.0000000000000000E+00	0.0000000000000000E+00	
4.9735764074966782E-01	0.0000000000000000E+00	0.0000000000000000E+00	0.0000000000000000E+00	
-1.5716518992639689E-01	6.6143093028337141E-01	0.0000000000000000E+00	0.0000000000000000E+00	
1.3766744563018872E-02	2.2749779986755023E-01	7.5874985273986562E-01	0.0000000000000000E+00	

b
1.6665260120844047E-01	
4.1120161506785219E-01	
2.5550472972590582E-01	
1.6664105399780160E-01	

c
0.0000000000000000E+00	
4.9735764074966782E-01	
5.0426574035697447E-01	
1.0000143971704347E+00	

r
0.0000000000000000E+00	

errcoeff
7.2357325312554508E-05	

==============================================================

