#stage		 order
9	 		3


A
0.0000000000000000E+00	0.0000000000000000E+00	0.0000000000000000E+00	0.0000000000000000E+00	0.0000000000000000E+00	0.0000000000000000E+00	0.0000000000000000E+00	0.0000000000000000E+00	0.0000000000000000E+00	
2.4687221435819895E-01	0.0000000000000000E+00	0.0000000000000000E+00	0.0000000000000000E+00	0.0000000000000000E+00	0.0000000000000000E+00	0.0000000000000000E+00	0.0000000000000000E+00	0.0000000000000000E+00	
1.9159270128130287E-01	2.6597309138719116E-01	0.0000000000000000E+00	0.0000000000000000E+00	0.0000000000000000E+00	0.0000000000000000E+00	0.0000000000000000E+00	0.0000000000000000E+00	0.0000000000000000E+00	
1.3078983815434500E-01	1.6489983866020014E-01	2.2336747012641550E-01	0.0000000000000000E+00	0.0000000000000000E+00	0.0000000000000000E+00	0.0000000000000000E+00	0.0000000000000000E+00	0.0000000000000000E+00	
-1.5187301629446493E-02	2.5535818803802268E-01	2.5479824428670247E-02	3.4237199947438346E-01	0.0000000000000000E+00	0.0000000000000000E+00	0.0000000000000000E+00	0.0000000000000000E+00	0.0000000000000000E+00	
1.5288700151584889E-01	-3.0675844893785855E-02	3.1462004772807967E-01	-4.0120178242571301E-03	3.2290686200190005E-01	0.0000000000000000E+00	0.0000000000000000E+00	0.0000000000000000E+00	0.0000000000000000E+00	
1.4237156654843394E-01	2.3325013115971707E-01	-1.0197998672518475E-01	3.8780262452311154E-01	-2.3028335450959250E-02	2.8767816678159991E-01	0.0000000000000000E+00	0.0000000000000000E+00	0.0000000000000000E+00	
8.3032271438812588E-02	1.5020447815078394E-01	1.3499400233730213E-01	9.9157810557531825E-02	2.1415176787698667E-01	1.8410770832558873E-01	2.0570340531312967E-01	0.0000000000000000E+00	0.0000000000000000E+00	
1.3382146413114229E-01	1.3281796229056481E-01	1.3448451511028567E-01	1.7575354465103585E-01	1.3965087209688876E-01	1.7864989932702022E-01	1.7701041598718886E-01	2.0613259569300918E-01	0.0000000000000000E+00	

b
1.6793980827672372E-01	
1.7895464587346675E-02	
3.8323526261269814E-01	
-4.2503822465971036E-02	
3.0705374284166653E-01	
2.1123447803934294E-02	
1.7057832572437015E-01	
-6.7777205712454255E-02	
4.2454976331685851E-02	

c
0.0000000000000000E+00	
2.4687221435819895E-01	
4.5756579266849401E-01	
5.1905714694096061E-01	
6.0802271031162991E-01	
7.5572604852778569E-01	
9.2609416683671864E-01	
1.0713514440001355E+00	
1.2783212692871357E+00	

r
0.0000000000000000E+00	

errcoeff
2.2977117768992130E-03	

==============================================================

