#stage		 order
7	 		3


A
0.0000000000000000E+00	0.0000000000000000E+00	0.0000000000000000E+00	0.0000000000000000E+00	0.0000000000000000E+00	0.0000000000000000E+00	0.0000000000000000E+00	
3.7856003416488798E-01	0.0000000000000000E+00	0.0000000000000000E+00	0.0000000000000000E+00	0.0000000000000000E+00	0.0000000000000000E+00	0.0000000000000000E+00	
1.3627801603097803E-01	4.0640971835169987E-01	0.0000000000000000E+00	0.0000000000000000E+00	0.0000000000000000E+00	0.0000000000000000E+00	0.0000000000000000E+00	
2.6235402060228293E-02	1.5875645249647757E-01	3.3974729465619702E-01	0.0000000000000000E+00	0.0000000000000000E+00	0.0000000000000000E+00	0.0000000000000000E+00	
1.2148647525463475E-01	1.3232857457277325E-01	1.3722559452578101E-01	3.3699496358778824E-01	0.0000000000000000E+00	0.0000000000000000E+00	0.0000000000000000E+00	
1.0196171860287109E-01	2.0176006460164747E-01	9.4318527693144472E-02	2.9215043109294347E-01	2.3477064837061290E-01	0.0000000000000000E+00	0.0000000000000000E+00	
1.6183259662127530E-01	1.6448416214742048E-01	1.8998912962903400E-01	2.2155547960413163E-01	1.8559642736401363E-01	2.4907201650802793E-01	0.0000000000000000E+00	

b
1.7824877061470962E-01	
1.0634809322980024E-01	
4.2442336282277365E-01	
-3.3030194709771600E-03	
3.2381437363787696E-01	
-1.2127151353206519E-01	
9.1739932697881915E-02	

c
0.0000000000000000E+00	
3.7856003416488798E-01	
5.4268773438267781E-01	
5.2473914921290288E-01	
7.2803560794097721E-01	
9.2496139036121938E-01	
1.1725298118739029E+00	

r
0.0000000000000000E+00	

errcoeff
4.2215993170701075E-03	

==============================================================

