#stage		 order
5	 		2


A
0.0000000000000000E+00	0.0000000000000000E+00	0.0000000000000000E+00	0.0000000000000000E+00	0.0000000000000000E+00	
2.8618689337762959E-01	0.0000000000000000E+00	0.0000000000000000E+00	0.0000000000000000E+00	0.0000000000000000E+00	
1.0288284355561385E-01	4.6005785194507176E-01	0.0000000000000000E+00	0.0000000000000000E+00	0.0000000000000000E+00	
2.6816362193446325E-01	-4.2170942096114668E-02	5.9561541947201890E-01	0.0000000000000000E+00	0.0000000000000000E+00	
-5.6278592088906489E-02	4.0066194180055509E-01	2.2655999001662080E-02	5.0524736071381093E-01	0.0000000000000000E+00	

b
1.8304988700944566E-01	
1.1515924070121313E-01	
4.4662358896358806E-01	
1.3731017973518272E-01	
1.1785710359057050E-01	

c
0.0000000000000000E+00	
2.8618689337762959E-01	
5.6294069550068560E-01	
8.2160809931036749E-01	
8.7228670942712161E-01	

r
0.0000000000000000E+00	

errcoeff
4.6076192538457286E-04	

==============================================================

