#stage		 order
5	 		3


A
0.0000000000000000E+00	0.0000000000000000E+00	0.0000000000000000E+00	0.0000000000000000E+00	0.0000000000000000E+00	
4.6831326765616721E-01	0.0000000000000000E+00	0.0000000000000000E+00	0.0000000000000000E+00	0.0000000000000000E+00	
5.4555125741303778E-02	4.9152155320559843E-01	0.0000000000000000E+00	0.0000000000000000E+00	0.0000000000000000E+00	
-8.9551315106981486E-02	2.2679550054926090E-01	4.2330767100756428E-01	0.0000000000000000E+00	0.0000000000000000E+00	
1.0436612923876731E-01	2.0014465715014651E-01	2.7690638352058278E-01	4.5219205376270005E-01	0.0000000000000000E+00	

b
1.6976544585036207E-01	
2.7854893701645134E-01	
3.9103309312309220E-01	
2.1211267524041035E-02	
1.3944125648605341E-01	

c
0.0000000000000000E+00	
4.6831326765616721E-01	
5.4607667894690215E-01	
5.6055185644984362E-01	
1.0336092236721968E+00	

r
0.0000000000000000E+00	

errcoeff
9.4392747462699583E-03	

==============================================================

