#stage		 order
7	 		3


A
0.0000000000000000E+00	0.0000000000000000E+00	0.0000000000000000E+00	0.0000000000000000E+00	0.0000000000000000E+00	0.0000000000000000E+00	0.0000000000000000E+00	
3.7015074170978840E-01	0.0000000000000000E+00	0.0000000000000000E+00	0.0000000000000000E+00	0.0000000000000000E+00	0.0000000000000000E+00	0.0000000000000000E+00	
1.2100112973820303E-01	4.1297555822380161E-01	0.0000000000000000E+00	0.0000000000000000E+00	0.0000000000000000E+00	0.0000000000000000E+00	0.0000000000000000E+00	
2.5953140587262086E-02	1.4335522051202360E-01	3.5782247400837353E-01	0.0000000000000000E+00	0.0000000000000000E+00	0.0000000000000000E+00	0.0000000000000000E+00	
1.4291661036043904E-01	1.4188150558251153E-01	1.4495792233118157E-01	3.4134815899277071E-01	0.0000000000000000E+00	0.0000000000000000E+00	0.0000000000000000E+00	
1.0424316845246986E-01	2.0946384802074092E-01	9.7383448674662754E-02	3.3258864260307147E-01	2.5090514489501348E-01	0.0000000000000000E+00	0.0000000000000000E+00	
1.6175192980366607E-01	1.6880436185631351E-01	1.9532218936078469E-01	2.1033440005861276E-01	2.2002063680795086E-01	2.8094773411306168E-01	0.0000000000000000E+00	

b
1.7716109304645158E-01	
1.0514761809976407E-01	
4.1070945052144642E-01	
1.9975962518412927E-02	
3.2019641878121585E-01	
-1.0469308508024985E-01	
7.1502542112958978E-02	

c
0.0000000000000000E+00	
3.7015074170978840E-01	
5.3397668796200459E-01	
5.2713083510765923E-01	
7.7110419726690282E-01	
9.9458425264595851E-01	
1.2371812520003895E+00	

r
0.0000000000000000E+00	

errcoeff
4.3022924473406499E-03	

==============================================================

