#stage		 order
8	 		3


A
0.0000000000000000E+00	0.0000000000000000E+00	0.0000000000000000E+00	0.0000000000000000E+00	0.0000000000000000E+00	0.0000000000000000E+00	0.0000000000000000E+00	0.0000000000000000E+00	
3.0913176670467096E-01	0.0000000000000000E+00	0.0000000000000000E+00	0.0000000000000000E+00	0.0000000000000000E+00	0.0000000000000000E+00	0.0000000000000000E+00	0.0000000000000000E+00	
1.2056672654238638E-01	3.0769676841521482E-01	0.0000000000000000E+00	0.0000000000000000E+00	0.0000000000000000E+00	0.0000000000000000E+00	0.0000000000000000E+00	0.0000000000000000E+00	
1.7289886942304264E-01	9.2491049430149255E-02	3.1541557183480012E-01	0.0000000000000000E+00	0.0000000000000000E+00	0.0000000000000000E+00	0.0000000000000000E+00	0.0000000000000000E+00	
7.6089954386547032E-02	1.4817604563155093E-01	1.2057222359428159E-01	3.0066880066144058E-01	0.0000000000000000E+00	0.0000000000000000E+00	0.0000000000000000E+00	0.0000000000000000E+00	
8.0922371902398038E-02	1.1638331576421332E-01	9.1336640499882146E-02	1.5518677019195048E-01	3.3440044591827173E-01	0.0000000000000000E+00	0.0000000000000000E+00	0.0000000000000000E+00	
1.3864891800921586E-01	3.3869215968967102E-02	1.6899486599643640E-01	7.2244966876439984E-02	2.3335601749262952E-01	2.6139547049340012E-01	0.0000000000000000E+00	0.0000000000000000E+00	
1.7858299465912678E-01	1.7820711838493486E-01	1.2833148762454247E-01	1.4685226069142196E-01	2.2973421005242042E-01	1.1068520244954845E-01	1.8397920663400780E-01	0.0000000000000000E+00	

b
1.6104533329014845E-01	
7.3679189931210434E-02	
1.9552615813996194E-01	
3.9796496955266591E-01	
-8.0617398381097216E-02	
2.4888639027621640E-01	
-6.7092536623184526E-02	
7.0607893814078657E-02	

c
0.0000000000000000E+00	
3.0913176670467096E-01	
4.2826349495760119E-01	
5.8080549068799203E-01	
6.4550702427382012E-01	
7.7822954427671576E-01	
9.0850945483708889E-01	
1.1563724804960027E+00	

r
0.0000000000000000E+00	

errcoeff
1.3450939575908178E-04	

==============================================================

